  0.0000,   1.8557
  0.0100,   2.1612
  0.0200,   1.5911
  0.0300,   1.7980
  0.0400,   2.4575
  0.0500,   2.3369
  0.0600,   1.9419
  0.0700,   2.7135
  0.0800,   2.3071
  0.0900,   2.4912
  0.1000,   2.5185
  0.1100,   2.1744
  0.1200,   2.1011
  0.1300,   2.5844
  0.1400,   2.1401
  0.1500,   2.6408
  0.1600,   2.7985
  0.1700,   2.9022
  0.1800,   2.3411
  0.1900,   3.0135
  0.2000,   2.5828
  0.2100,   2.9919
  0.2200,   3.0285
  0.2300,   3.1333
  0.2400,   2.6390
  0.2500,   3.1829
  0.2600,   2.9921
  0.2700,   3.0291
  0.2800,   3.0086
  0.2900,   3.1462
  0.3000,   3.0421
  0.3100,   3.1024
  0.3200,   3.1138
  0.3300,   3.1980
  0.3400,   3.1998
  0.3500,   3.1111
  0.3600,   3.1137
  0.3700,   3.1826
  0.3800,   3.1512
  0.3900,   3.0631
  0.4000,   3.1932
  0.4100,   3.1767
  0.4200,   2.9851
  0.4300,   3.1807
  0.4400,   3.1995
  0.4500,   3.1653
  0.4600,   3.0889
  0.4700,   2.8382
  0.4800,   3.1850
  0.4900,   2.6992
  0.5000,   3.0765
  0.5100,   2.7917
  0.5200,   2.9678
  0.5300,   3.0641
  0.5400,   2.9747
  0.5500,   2.6971
  0.5600,   2.4447
  0.5700,   2.4272
  0.5800,   3.0569
  0.5900,   3.0411
  0.6000,   2.2793
  0.6100,   2.5039
  0.6200,   3.0125
  0.6300,   2.5731
  0.6400,   2.0795
  0.6500,   2.6099
  0.6600,   2.6626
  0.6700,   2.6786
  0.6800,   2.6699
  0.6900,   2.4351
  0.7000,   2.1373
  0.7100,   2.4664
  0.7200,   2.0039
  0.7300,   1.7372
  0.7400,   2.5089
  0.7500,   1.7273
  0.7600,   1.7728
  0.7700,   1.9299
  0.7800,   1.3640
  0.7900,   2.2806
  0.8000,   1.6356
  0.8100,   2.0181
  0.8200,   2.2083
  0.8300,   1.5162
  0.8400,   1.2095
  0.8500,   1.4504
  0.8600,   1.1386
  0.8700,   1.7527
  0.8800,   1.2588
  0.8900,   1.6910
  0.9000,   1.5130
  0.9100,   1.7749
  0.9200,   1.0500
  0.9300,   0.8789
  0.9400,   0.9622
  0.9500,   0.9336
  0.9600,   1.0440
  0.9700,   1.2236
  0.9800,   1.2194
  0.9900,   1.1462
  1.0000,   0.8022
  1.0100,   1.1228
  1.0200,   0.8959
  1.0300,   1.0767
  1.0400,   0.9053
  1.0500,   1.0609
  1.0600,   0.8932
  1.0700,   0.8024
  1.0800,   0.8093
  1.0900,   0.8395
  1.1000,   0.8025
  1.1100,   0.8388
  1.1200,   0.8210
  1.1300,   0.9122
  1.1400,   0.8505
  1.1500,   0.8157
  1.1600,   0.8068
  1.1700,   0.8119
  1.1800,   0.8007
  1.1900,   0.8014
  1.2000,   1.1350
  1.2100,   0.8246
  1.2200,   0.8228
  1.2300,   0.8704
  1.2400,   0.8481
  1.2500,   1.1477
  1.2600,   0.9069
  1.2700,   0.8322
  1.2800,   1.1355
  1.2900,   0.9749
  1.3000,   1.0069
  1.3100,   0.8701
  1.3200,   1.5473
  1.3300,   1.1784
  1.3400,   0.9346
  1.3500,   1.7341
  1.3600,   1.1352
  1.3700,   1.4990
  1.3800,   1.5989
  1.3900,   1.1726
  1.4000,   2.0493
  1.4100,   1.7476
  1.4200,   1.6525
  1.4300,   2.0908
  1.4400,   1.7683
  1.4500,   1.2380
  1.4600,   1.7794
  1.4700,   2.2176
  1.4800,   2.1820
  1.4900,   2.0365
  1.5000,   1.4342
  1.5100,   2.3087
  1.5200,   2.0398
  1.5300,   2.3377
  1.5400,   2.4901
  1.5500,   2.5902
  1.5600,   1.7387
  1.5700,   2.6506
  1.5800,   2.4700
  1.5900,   1.9437
  1.6000,   2.2036
  1.6100,   2.1129
  1.6200,   2.6447
  1.6300,   2.6632
  1.6400,   2.1857
  1.6500,   3.0784
  1.6600,   2.4907
  1.6700,   2.6041
  1.6800,   2.6320
  1.6900,   2.3978
  1.7000,   2.9138
  1.7100,   2.7125
  1.7200,   2.8857
  1.7300,   3.1847
  1.7400,   3.1872
  1.7500,   2.7437
  1.7600,   3.1100
  1.7700,   3.0036
  1.7800,   3.1809
  1.7900,   3.1343
  1.8000,   3.0209
  1.8100,   3.1535
  1.8200,   3.1906
  1.8300,   3.1992
  1.8400,   3.0818
  1.8500,   3.0819
  1.8600,   3.1779
  1.8700,   3.1308
  1.8800,   3.1747
  1.8900,   3.1768
  1.9000,   3.1615
  1.9100,   3.1552
  1.9200,   3.0137
  1.9300,   3.1864
  1.9400,   3.1597
  1.9500,   3.1551
  1.9600,   3.1180
  1.9700,   3.1827
  1.9800,   3.1824
  1.9900,   2.7634
  2.0000,   2.7152
  2.0100,   2.9412
  2.0200,   3.0685
  2.0300,   2.8798
  2.0400,   2.7833
  2.0500,   2.5146
  2.0600,   3.1221
  2.0700,   2.7867
  2.0800,   2.8470
  2.0900,   2.6303
  2.1000,   2.6470
  2.1100,   2.9099
  2.1200,   2.9691
  2.1300,   3.0050
  2.1400,   2.9412
  2.1500,   2.6738
  2.1600,   2.1168
  2.1700,   2.5749
  2.1800,   2.2073
  2.1900,   1.7129
  2.2000,   2.0737
  2.2100,   2.1529
  2.2200,   2.4600
  2.2300,   1.8135
  2.2400,   1.5918
  2.2500,   1.5775
  2.2600,   1.8338
  2.2700,   1.7165
  2.2800,   1.3823
  2.2900,   1.8793
  2.3000,   2.0010
  2.3100,   1.5513
  2.3200,   1.8938
  2.3300,   1.4703
  2.3400,   2.0905
  2.3500,   1.0500
  2.3600,   1.7999
  2.3700,   1.3125
  2.3800,   1.5414
  2.3900,   1.1357
  2.4000,   1.8132
  2.4100,   1.7182
  2.4200,   0.9101
  2.4300,   1.5978
  2.4400,   1.2947
  2.4500,   1.0875
  2.4600,   1.2966
  2.4700,   1.0139
  2.4800,   0.8634
  2.4900,   0.9730
  2.5000,   0.8050
  2.5100,   1.1942
  2.5200,   0.9604
  2.5300,   1.0217
  2.5400,   0.8397
  2.5500,   1.1450
  2.5600,   1.0889
  2.5700,   0.8983
  2.5800,   1.0029
  2.5900,   0.9337
  2.6000,   0.8326
  2.6100,   0.9605
  2.6200,   0.8212
  2.6300,   0.8158
  2.6400,   0.8413
  2.6500,   0.8660
  2.6600,   0.8017
  2.6700,   0.8138
  2.6800,   0.8027
  2.6900,   1.0388
  2.7000,   0.9005
  2.7100,   0.8088
  2.7200,   1.1617
  2.7300,   0.8914
  2.7400,   0.8009
  2.7500,   0.8101
  2.7600,   1.4175
  2.7700,   1.3253
  2.7800,   1.1339
  2.7900,   0.8284
  2.8000,   0.9805
  2.8100,   1.1128
  2.8200,   0.9023
  2.8300,   1.2823
  2.8400,   1.1030
  2.8500,   1.2475
  2.8600,   1.4157
  2.8700,   1.0103
  2.8800,   1.0272
  2.8900,   1.2644
  2.9000,   1.5358
  2.9100,   1.6281
  2.9200,   1.3288
  2.9300,   2.1431
  2.9400,   2.0892
  2.9500,   1.6858
  2.9600,   2.3712
  2.9700,   1.9431
  2.9800,   1.5893
  2.9900,   2.3186
  3.0000,   1.9416
  3.0100,   1.7520
  3.0200,   2.6162
  3.0300,   1.7245
  3.0400,   2.2150
  3.0500,   2.7558
  3.0600,   2.4669
  3.0700,   2.4760
  3.0800,   2.3601
  3.0900,   2.5271
  3.1000,   2.8857
  3.1100,   2.3968
  3.1200,   2.2752
  3.1300,   2.5414
  3.1400,   2.4228
  3.1500,   2.6505
  3.1600,   2.8589
  3.1700,   2.8151
  3.1800,   2.7161
  3.1900,   3.1046
  3.2000,   2.7148
  3.2100,   2.8437
  3.2200,   2.9685
  3.2300,   2.6017
  3.2400,   2.8062
  3.2500,   2.7411
  3.2600,   2.7619
  3.2700,   3.1985
  3.2800,   2.7788
  3.2900,   3.1998
  3.3000,   3.1439
  3.3100,   2.9491
  3.3200,   3.1656
  3.3300,   3.1952
  3.3400,   3.0190
  3.3500,   3.1173
  3.3600,   3.1951
  3.3700,   3.1979
  3.3800,   3.1123
  3.3900,   3.1818
  3.4000,   3.0914
  3.4100,   3.1996
  3.4200,   2.9698
  3.4300,   3.1996
  3.4400,   2.8947
  3.4500,   3.1372
  3.4600,   3.0954
  3.4700,   2.7538
  3.4800,   2.9094
  3.4900,   3.1480
  3.5000,   3.1960
  3.5100,   3.1928
  3.5200,   2.7267
  3.5300,   3.0159
  3.5400,   3.0068
  3.5500,   2.8730
  3.5600,   2.4714
  3.5700,   2.9000
  3.5800,   2.6852
  3.5900,   3.0557
  3.6000,   2.8544
  3.6100,   2.9702
  3.6200,   2.8605
  3.6300,   2.7008
  3.6400,   2.7643
  3.6500,   2.7761
  3.6600,   2.2890
  3.6700,   2.0425
  3.6800,   2.6623
  3.6900,   1.8267
  3.7000,   1.9565
  3.7100,   2.1569
  3.7200,   1.5950
  3.7300,   2.0227
  3.7400,   2.3823
  3.7500,   1.5798
  3.7600,   1.5284
  3.7700,   2.1233
  3.7800,   2.0568
  3.7900,   1.4167
  3.8000,   1.7593
  3.8100,   2.2346
  3.8200,   1.3512
  3.8300,   1.6894
  3.8400,   1.8124
  3.8500,   1.7003
  3.8600,   1.6138
  3.8700,   1.1413
  3.8800,   1.9002
  3.8900,   1.1283
  3.9000,   0.9896
  3.9100,   1.4715
  3.9200,   1.0836
  3.9300,   1.4396
  3.9400,   1.0469
  3.9500,   1.5185
  3.9600,   0.8301
  3.9700,   0.9703
  3.9800,   1.1007
  3.9900,   1.3873
  4.0000,   0.8165
  4.0100,   0.8848
  4.0200,   0.8051
  4.0300,   0.8916
  4.0400,   1.2063
  4.0500,   0.8066
  4.0600,   0.8776
  4.0700,   0.8000
  4.0800,   0.9691
  4.0900,   0.8170
  4.1000,   0.8553
  4.1100,   0.8277
  4.1200,   0.8333
  4.1300,   0.8033
  4.1400,   0.8418
  4.1500,   0.8173
  4.1600,   0.8320
  4.1700,   0.8007
  4.1800,   0.9116
  4.1900,   0.8027
  4.2000,   0.8203
  4.2100,   0.9033
  4.2200,   0.9166
  4.2300,   0.9416
  4.2400,   1.0641
  4.2500,   1.3030
  4.2600,   1.3615
  4.2700,   1.3624
  4.2800,   1.1247
  4.2900,   1.4743
  4.3000,   0.8727
  4.3100,   1.0204
  4.3200,   0.8742
  4.3300,   1.2513
  4.3400,   1.4965
  4.3500,   1.0259
  4.3600,   1.2641
  4.3700,   1.0264
  4.3800,   1.2275
  4.3900,   1.7844
  4.4000,   1.5528
  4.4100,   1.8707
  4.4200,   1.7661
  4.4300,   2.1197
  4.4400,   1.2356
  4.4500,   1.3896
  4.4600,   1.7017
  4.4700,   2.1367
  4.4800,   2.3651
  4.4900,   1.4079
  4.5000,   1.5745
  4.5100,   1.9592
  4.5200,   2.4096
  4.5300,   2.1794
  4.5400,   2.4915
  4.5500,   1.8554
  4.5600,   2.4938
  4.5700,   2.4804
  4.5800,   1.8111
  4.5900,   2.6945
  4.6000,   2.9479
  4.6100,   2.1066
  4.6200,   2.4264
  4.6300,   2.2801
  4.6400,   2.8615
  4.6500,   2.3617
  4.6600,   3.0987
  4.6700,   2.2725
  4.6800,   2.3475
  4.6900,   3.0696
  4.7000,   3.1174
  4.7100,   2.9732
  4.7200,   3.1075
  4.7300,   2.9986
  4.7400,   3.0646
  4.7500,   2.8073
  4.7600,   3.0654
  4.7700,   2.7563
  4.7800,   2.7993
  4.7900,   3.0409
  4.8000,   3.1799
  4.8100,   3.1914
  4.8200,   3.1981
  4.8300,   3.2000
  4.8400,   3.1986
  4.8500,   3.1772
  4.8600,   3.1943
  4.8700,   3.2000
  4.8800,   3.1870
  4.8900,   3.0548
  4.9000,   3.1867
  4.9100,   3.1851
  4.9200,   3.0914
  4.9300,   3.1999
  4.9400,   2.9781
  4.9500,   3.1263
  4.9600,   2.8647
  4.9700,   3.1631
  4.9800,   2.7691
  4.9900,   2.7370
  5.0000,   2.9827
  5.0100,   3.1833
  5.0200,   3.0676
  5.0300,   3.0932
  5.0400,   3.0767
  5.0500,   3.0755
  5.0600,   3.1545
  5.0700,   2.4238
  5.0800,   2.8255
  5.0900,   2.6694
  5.1000,   2.8714
  5.1100,   2.1107
  5.1200,   2.0727
  5.1300,   2.0457
  5.1400,   2.3483
  5.1500,   2.2298
  5.1600,   2.6200
  5.1700,   2.3687
  5.1800,   2.5961
  5.1900,   2.0395
  5.2000,   1.9178
  5.2100,   2.6641
  5.2200,   2.4718
  5.2300,   2.4449
  5.2400,   1.9015
  5.2500,   1.7320
  5.2600,   1.5591
  5.2700,   2.4643
  5.2800,   2.2056
  5.2900,   1.8365
  5.3000,   1.8947
  5.3100,   1.8901
  5.3200,   2.1709
  5.3300,   1.3260
  5.3400,   1.6688
  5.3500,   1.3292
  5.3600,   1.4123
  5.3700,   1.9351
  5.3800,   1.5862
  5.3900,   0.9580
  5.4000,   0.9533
  5.4100,   1.3746
  5.4200,   1.1147
  5.4300,   1.1255
  5.4400,   0.9165
  5.4500,   0.8452
  5.4600,   1.4725
  5.4700,   0.8407
  5.4800,   0.9738
  5.4900,   1.2272
  5.5000,   1.1658
  5.5100,   0.8454
  5.5200,   0.8699
  5.5300,   0.8578
  5.5400,   0.8076
  5.5500,   0.8323
  5.5600,   1.0613
  5.5700,   0.9857
  5.5800,   1.0005
  5.5900,   0.9471
  5.6000,   0.8027
  5.6100,   0.8036
  5.6200,   0.8132
  5.6300,   0.8595
  5.6400,   0.8014
  5.6500,   0.8969
  5.6600,   0.8013
  5.6700,   0.9162
  5.6800,   0.8004
  5.6900,   0.9005
  5.7000,   1.0816
  5.7100,   0.8026
  5.7200,   0.8848
  5.7300,   0.8017
  5.7400,   0.8078
  5.7500,   0.8046
  5.7600,   0.8126
  5.7700,   1.1093
  5.7800,   0.9837
  5.7900,   1.1899
  5.8000,   1.4446
  5.8100,   1.3910
  5.8200,   1.6709
  5.8300,   1.4991
  5.8400,   1.7210
  5.8500,   1.5447
  5.8600,   1.1122
  5.8700,   1.6165
  5.8800,   1.6349
  5.8900,   1.7764
  5.9000,   1.7950
  5.9100,   1.3640
  5.9200,   1.6172
  5.9300,   1.9758
  5.9400,   1.7869
  5.9500,   2.2904
  5.9600,   1.4289
  5.9700,   2.3334
  5.9800,   2.2012
  5.9900,   1.6965
  6.0000,   2.1525
  6.0100,   2.0057
  6.0200,   1.6606
  6.0300,   2.2090
  6.0400,   2.7138
  6.0500,   2.1812
  6.0600,   2.4028
  6.0700,   1.8852
  6.0800,   2.0419
  6.0900,   2.0479
  6.1000,   1.9469
  6.1100,   2.2777
  6.1200,   2.2768
  6.1300,   2.4707
  6.1400,   2.2628
  6.1500,   3.0837
  6.1600,   2.7580
  6.1700,   2.6775
  6.1800,   2.5793
  6.1900,   2.7363
  6.2000,   2.8063
  6.2100,   3.1582
  6.2200,   2.9525
  6.2300,   3.0541
  6.2400,   2.5859
  6.2500,   3.0878
  6.2600,   3.1751
  6.2700,   3.1524
  6.2800,   3.1190
  6.2900,   3.1995
  6.3000,   3.1868
  6.3100,   3.0760
  6.3200,   3.1973
  6.3300,   3.1037
  6.3400,   2.9684
  6.3500,   3.0470
  6.3600,   3.1673
  6.3700,   3.1723
  6.3800,   3.0747
  6.3900,   3.1549
  6.4000,   3.1986
  6.4100,   3.0989
  6.4200,   3.1189
  6.4300,   3.0832
  6.4400,   3.1678
  6.4500,   2.8915
  6.4600,   2.7965
  6.4700,   2.8094
  6.4800,   3.1046
  6.4900,   2.7584
  6.5000,   3.1005
  6.5100,   2.9417
  6.5200,   2.9423
  6.5300,   2.6533
  6.5400,   3.0666
  6.5500,   2.7494
  6.5600,   2.7672
  6.5700,   2.6751
  6.5800,   2.9416
  6.5900,   2.8924
  6.6000,   2.9692
  6.6100,   3.0004
  6.6200,   2.8249
  6.6300,   2.7241
  6.6400,   2.4948
  6.6500,   1.9137
  6.6600,   2.9006
  6.6700,   2.1503
  6.6800,   1.8660
  6.6900,   1.8629
  6.7000,   2.6679
  6.7100,   1.6595
  6.7200,   2.2205
  6.7300,   1.6546
  6.7400,   1.6190
  6.7500,   2.1732
  6.7600,   1.7934
  6.7700,   1.4799
  6.7800,   2.4152
  6.7900,   2.3034
  6.8000,   1.8967
  6.8100,   2.1192
  6.8200,   2.2062
  6.8300,   1.3053
  6.8400,   1.7566
  6.8500,   1.1941
  6.8600,   1.8392
  6.8700,   1.2466
  6.8800,   1.0452
  6.8900,   1.1036
  6.9000,   1.5796
  6.9100,   1.3942
  6.9200,   1.3471
  6.9300,   1.4023
  6.9400,   1.2900
  6.9500,   1.5055
  6.9600,   1.1135
  6.9700,   1.0780
  6.9800,   1.4326
  6.9900,   0.9084
  7.0000,   1.3159
  7.0100,   1.1748
  7.0200,   0.8388
  7.0300,   0.8700
  7.0400,   1.2080
  7.0500,   0.9623
  7.0600,   0.8927
  7.0700,   0.9988
  7.0800,   1.0192
  7.0900,   0.8207
  7.1000,   0.8328
  7.1100,   0.8409
  7.1200,   0.8002
  7.1300,   0.8681
  7.1400,   0.8003
  7.1500,   0.8862
  7.1600,   0.8721
  7.1700,   0.8126
  7.1800,   0.8056
  7.1900,   0.9415
  7.2000,   0.8004
  7.2100,   0.8109
  7.2200,   0.9725
  7.2300,   0.8308
  7.2400,   0.8549
  7.2500,   0.8192
  7.2600,   0.9211
  7.2700,   1.3548
  7.2800,   1.3895
  7.2900,   0.9994
  7.3000,   1.2621
  7.3100,   0.9629
  7.3200,   1.6408
  7.3300,   1.3349
  7.3400,   1.0147
  7.3500,   0.9783
  7.3600,   1.4031
  7.3700,   1.1645
  7.3800,   1.0370
  7.3900,   1.1372
  7.4000,   1.0833
  7.4100,   1.7662
  7.4200,   1.9360
  7.4300,   2.0170
  7.4400,   1.4392
  7.4500,   2.2225
  7.4600,   1.9286
  7.4700,   1.3113
  7.4800,   1.7151
  7.4900,   1.9901
  7.5000,   2.1529
  7.5100,   1.9864
  7.5200,   2.4616
  7.5300,   1.7270
  7.5400,   2.7189
  7.5500,   2.6203
  7.5600,   2.1096
  7.5700,   2.4777
  7.5800,   2.1661
  7.5900,   1.9595
  7.6000,   2.5116
  7.6100,   2.8491
  7.6200,   2.8324
  7.6300,   3.0047
  7.6400,   2.4893
  7.6500,   2.5942
  7.6600,   2.3782
  7.6700,   2.6229
  7.6800,   2.8672
  7.6900,   2.8985
  7.7000,   2.5734
  7.7100,   2.5719
  7.7200,   2.8774
  7.7300,   3.1546
  7.7400,   2.7641
  7.7500,   3.0397
  7.7600,   2.7871
  7.7700,   3.1966
  7.7800,   3.1897
  7.7900,   3.1493
  7.8000,   3.0934
  7.8100,   3.1526
  7.8200,   3.1853
  7.8300,   3.1720
  7.8400,   3.1868
  7.8500,   3.1966
  7.8600,   3.1285
  7.8700,   3.1980
  7.8800,   3.1476
  7.8900,   3.1700
  7.9000,   3.1967
  7.9100,   3.1893
  7.9200,   3.1495
  7.9300,   3.1956
  7.9400,   3.1995
  7.9500,   2.9360
  7.9600,   3.1998
  7.9700,   3.0271
  7.9800,   3.1157
  7.9900,   2.9942
  8.0000,   2.8689
